Accuracy: 0.9888000023365021
Loss:     0.0329321003850782